0 259.385 312.141 397.612 384.315 153.359 381.45 375.521 513.762 498.828 519.641 405.811 418.34 361.089 196.524 461.943 405.916 321.175 250.389 401.99 598.213 485.878 615.387 321.154 737.885 358.453 710.257 374.27 760.779 728.38 749.091 767.297 635.13 573.188 794.919 430.637 718.533 851.763 873.114 889.248 882.398 836.662 952.65 865.116 825.236 993.262 981.504 828.097 906.578 909.785 1040.07 941.563 1125.2 1094.99 1089.08 1071.2 1115.31 945.972 1116.51 1175.91 1047.49 1230.55 1107.69 1181.22 1145.17 1125.82 1241.79 1218.45 1217.68 1263.06 1243.9 1171.51 1269.75 1333.02 1405.16 1402.35 1429.82 1447.38 1454.69 1478.08 1481.61 1513.4 1571.18 1595.41 1660.76 1609.53 1585.73 1805.49 1754.36 1834.35 1855.86 1870.89 1950.31 1959.88 1975.44 2036.44 2250.26 2245.01 2470.64 
259.385 0 165.943 156.965 567.321 398.809 201.064 203.907 256.662 241.848 290.596 230.994 216.916 134.824 255.305 699.326 658.027 174.003 456.437 571.42 349.901 291.258 375.476 197.27 498.951 217.235 466.834 579.464 589.608 479.432 501.548 534.602 392.844 349.654 547.294 646.678 487.227 600.775 621.022 637.599 633.724 588.469 703.442 620.93 586.136 740.792 733.507 589.225 666.459 665.393 788.738 697.223 872.978 842.003 840.7 821.179 865.824 707.135 867.11 927.865 803.795 1015.3 866.265 931.691 900.678 883.059 992.868 972.487 970.024 1014.66 996.141 929.408 1022.7 1084.67 1158.26 1152.44 1180.49 1200.67 1209.61 1229.86 1232.9 1264.84 1325.17 1350.14 1414.29 1365.86 1346.17 1560.56 1518.22 1590.86 1611.41 1656.25 1707.4 1720.63 1735.49 1800.82 2011.41 2013.33 2237.1 
312.141 165.943 0 174.484 564.707 434.524 97.9055 126.272 307.428 293.013 236.953 130.038 315.139 203.079 281.014 715.477 674.5 199.512 486.114 572.71 339.341 383.045 346.259 219.025 492.519 244.778 431.26 598.511 549.904 523.026 557.685 506.037 428.653 321.438 587.751 662.286 548.702 637.101 660.347 616.864 619.517 606.606 742.727 653.317 562.461 757.589 773.224 618.146 704.201 661.383 808.06 718.258 856.162 854.108 874.029 844.125 855.208 715.144 891.922 899.941 794.85 990.121 900.832 943.193 924.22 906.201 991.248 1000.11 980.161 1028.23 999.684 927.275 1025.67 1074.46 1125.6 1150.45 1165.98 1173.88 1180.05 1231.39 1236.51 1255.05 1299.61 1356.19 1404.62 1378.94 1357.5 1559.2 1538.15 1589.62 1602.73 1648.18 1682.43 1722.8 1731.52 1809.2 2002.27 2025.52 2244.4 
397.612 156.965 174.484 0 669.698 538.49 168.485 208.084 151.98 155.501 178.721 202.507 264.054 166.043 385.782 825.569 789.338 248.717 598.278 680.604 231.856 322.69 270.41 274.548 389.818 283.613 349.305 710.694 515.809 392.095 417.875 417.277 323.157 273.23 459.994 782.455 435.572 501.288 515.562 506.651 514.091 490.092 600.406 530.086 476.282 630.661 632.149 499.068 580.123 560.317 680.609 601.312 742.054 720.006 732.529 711.806 744.127 614.53 755.327 802.404 692.524 904.862 769.986 815.09 803.883 781.297 876.609 863.698 860.736 896.585 872.419 812.075 912.481 964.512 1027.79 1031.63 1054.91 1074.74 1087.65 1105.94 1114.06 1140.82 1194.02 1233.13 1290.72 1251.35 1237.96 1441.05 1410.46 1470.26 1488.44 1550.24 1578.68 1604.22 1622.91 1685.79 1895.48 1903.51 2123.27 
384.315 567.321 564.707 669.698 0 377.349 628.291 606.089 789.596 769.519 746.408 630.743 687.073 651.933 447.985 464.404 425.331 579.589 386.581 133.714 846.963 744.331 850.019 590.604 962.348 603.554 926.318 429.774 804.327 967.257 990.185 977.208 879.379 805.205 1029.44 445.875 967.927 1085.79 1110.69 1111.49 1100.26 1064.21 1187.41 1113.75 1049.16 1218.49 1212.28 1048.45 1149.41 1138.2 1265.21 1161.89 1344.15 1330.48 1315.61 1293.9 1325.79 1162.78 1341.73 1375.76 1266.3 1313.39 1339.53 1409.37 1364.75 1361.35 1452.35 1440.57 1434.09 1479.38 1469.71 1381.83 1477.43 1538.78 1602.85 1620.58 1641.07 1642.31 1651.2 1696.44 1694.7 1723.6 1771.47 1798.84 1871.12 1815.18 1800.5 2010.81 1963.22 2036.05 2057.33 1968.95 2143.96 2158.01 2168.81 2241.61 2442.3 2446.52 2661.6 
153.359 398.809 434.524 538.49 377.349 0 500.858 486.597 651.096 633.866 650.027 518.856 532.258 481.988 247.757 344.036 264.921 423.247 141.555 383.053 728.284 593.304 740.428 410.96 867.373 450.998 836.956 268.443 885.77 859.834 881.025 895.978 757.391 685.992 923.412 294.262 836.222 982.978 1006.74 1019.76 1011.49 963.119 1083.44 986.473 942.299 1121.89 1111.21 949.7 1027.32 1028.12 1168.14 1063.87 1253.72 1224.53 1219.43 1198.97 1242.56 1060.92 1245.52 1300.63 1165.53 1360.43 1229.61 1307.92 1265.39 1245.57 1366.55 1345.27 1340.29 1390.75 1369.56 1292.51 1391.41 1456.86 1527.91 1525.35 1552.86 1568.8 1572.77 1603.34 1605.52 1635.83 1693.64 1717.78 1780.8 1732.2 1700.9 1925.23 1871.74 1954.42 1975.26 1993.1 2068.07 2076.9 2088.94 2152.3 2362.35 2357.15 2584.5 
381.45 201.064 97.9055 168.485 628.291 500.858 0 112.417 269.812 249.772 164.679 61.6005 287.363 176.99 319.004 785.414 744.765 187.488 539.658 622.651 269.286 343.112 265.893 208.316 432.813 226.243 364.42 654.05 509.683 458.104 498.608 439.463 361.684 249.567 520.312 716.458 480.313 570.392 597.217 547.114 540.554 532.248 676.042 577.593 485.051 687.067 706.125 548.328 627.081 585.333 735.007 643.378 784.956 785.437 805.434 775.221 777.108 639.426 821.54 825.153 717.521 924.837 824.876 868.29 849.713 828.531 913.181 927.86 904.454 956.394 926.681 851.974 948.917 995.859 1052.51 1077.49 1091.76 1099.88 1104.52 1157.5 1161.21 1180.52 1224.55 1281.7 1330.49 1304.07 1280.15 1483.11 1460.65 1514.38 1527.03 1577.07 1608.38 1645.69 1652.93 1732.18 1923.68 1947.44 2167.63 
375.521 203.907 126.272 208.084 606.089 486.597 112.417 0 289.249 260.001 205.683 84.951 254.292 169.802 278.872 770.112 729.795 140.9 505.848 590.854 293.633 312.775 285.06 167.581 445.316 165.662 364.399 625.602 495.907 465.535 502.907 464.632 354.451 237.504 523.511 679.795 479.862 579.015 609.728 562.919 560.308 538.227 688.859 589.879 490.797 693.366 716.901 548.489 641.729 586.388 744.333 645.105 799.967 802.058 820.128 781.581 793.037 632.663 835.3 833.001 722.621 928.071 839.365 885.621 849.698 843.246 924.843 943.008 910.662 971.313 947.025 865.183 952.796 1008.2 1062.49 1086.42 1102.43 1105.63 1107.33 1175.48 1173.72 1191.42 1241 1292.43 1341.32 1317.87 1290.33 1495.19 1478.33 1527.5 1539.64 1587.9 1620.01 1659.44 1658.5 1751.74 1931.61 1965.04 2183.27 
513.762 256.662 307.428 151.98 789.596 651.096 269.812 289.249 0 49.8206 194.622 286.038 239.444 200.005 477.057 942.637 908.302 307.699 697.581 787.991 149.682 269.709 209.039 331.391 304.733 322.33 273.759 813.327 507.074 258.159 278.926 351.008 207.717 232.458 324.511 883.301 307.103 364.068 376.408 401.256 405.784 363.142 461.997 395.054 379.053 498.45 493.479 374.111 445.081 441.506 546.672 470.475 629.083 591.951 597.525 578.426 628.559 492.857 622.201 695.587 575.239 828.461 634.969 685.378 669.369 648.855 753.76 730.63 731.51 769.715 750.897 694.843 785.89 845.692 922.481 908.259 937.304 964.706 977.715 983.263 988.055 1021.63 1085.44 1108.29 1172.43 1124.31 1109.82 1318.28 1283.54 1349.77 1370 1449.81 1469.03 1483.18 1500.71 1564.79 1776.42 1781.27 2002.54 
498.828 241.848 293.013 155.501 769.519 633.866 249.772 260.001 49.8206 0 180.201 260.228 198.051 170.313 448.033 928.248 893.151 272.43 672.522 761.496 142.808 227.422 190.598 298.358 305.26 284.184 266.416 791.22 488.931 250.336 275.18 351.694 180.99 207.378 317.116 858.876 287.605 365.392 384.729 409.099 405.245 356.089 468.751 392.042 374.64 502.155 499.791 368.544 442.126 438.11 550.385 466.273 638.997 604.33 606.332 584.427 631.72 484.873 630.658 698.938 575.786 823.708 637.212 693.702 667.76 651.962 756.897 738.749 734.065 779.279 762.769 701.322 787.538 849.639 930.139 916.337 945.477 970.35 981.039 994.21 996.284 1029.79 1095.28 1116.38 1180.98 1133.2 1115.74 1326.8 1291.16 1358.6 1378.88 1453.97 1478.56 1490.71 1504.75 1574.43 1781.7 1789.16 2011.35 
519.641 290.596 236.953 178.721 746.408 650.027 164.679 205.683 194.622 180.201 0 161.184 301.751 230.06 455.984 934.226 898.794 283.308 686.015 739.955 139.995 335.997 128.858 313.147 305.568 302.907 216.095 798.379 413.343 328.686 374.498 305.807 257.865 169.149 388.007 864.992 384.753 429.529 455.923 393.03 387.582 391.308 535.832 451.955 351.746 538.287 565.375 420.512 502.174 450.142 586.885 505.145 633.838 638.708 660.888 629.022 625.713 508.434 675.673 673.786 578.083 779.263 691.251 724.133 710.408 694.909 764.011 784.18 759.412 808.807 782.773 710.245 802.193 846.865 904.153 931.103 944.823 952.014 959.829 1012.33 1013.53 1034.22 1077.8 1135.16 1187.13 1158.45 1143.39 1338.63 1323.17 1370.66 1382.88 1433.95 1465.72 1505.36 1512.24 1595.3 1784.58 1813.41 2029.7 
405.811 230.994 130.038 202.507 630.743 518.856 61.6005 84.951 286.038 260.228 161.184 0 284.148 186.961 317.893 800.385 759.854 174.778 543.605 616.248 269.004 335.173 252.645 198.837 426.531 203.542 344.795 658.986 479.299 451.425 494.238 430.748 347.498 219.47 509.739 715.999 471.733 561.84 592.763 535.672 527.389 517.226 669.715 568.723 462.837 673.299 697.96 530.674 618.428 565.677 721.985 625.594 772.306 777.604 797.422 761.919 761.403 614.973 811.679 804.597 696.985 897.538 814.943 859.125 831.392 817.3 895.889 917.511 886.928 944.331 916.687 834.718 928.63 977.72 1032.53 1061.3 1075.03 1078.11 1081.02 1146.19 1145.76 1163.68 1207.07 1264.56 1313.42 1288.79 1263.63 1465.76 1447.09 1497.5 1509.07 1553.97 1588.62 1628.43 1630.5 1718.21 1901.79 1932.23 2150.6 
418.34 216.916 315.139 264.054 687.073 532.258 287.363 254.292 239.444 198.051 301.751 284.148 0 136.704 327.915 831.315 792.037 177.18 542.024 654.982 302.512 78.6528 314.017 202.028 435.544 171.239 402.747 672.424 548.669 352.38 372.207 485.526 251.994 280.844 408.966 727.565 318.145 476.352 508.542 561.4 536.792 457.936 581.185 483.889 490.205 618.335 607.355 456.18 524.061 544.52 661.524 557.028 781.472 738.975 719.802 696.983 755.653 565.596 747.047 826.14 685.295 922.273 726.858 814.534 752.719 748.903 869.195 847.063 837.186 899.35 892.747 818.401 889.442 965.383 1062.01 1035.6 1070.85 1093.24 1096.91 1119.11 1111.4 1151.06 1226.51 1226.47 1299.8 1240.85 1212.69 1438.27 1387.17 1471.24 1494.61 1547.74 1602 1595.28 1600.62 1679.27 1881.32 1884.15 2110.93 
361.089 134.824 203.079 166.043 651.933 481.988 176.99 169.802 200.005 170.313 230.06 186.961 136.704 0 285.111 782.22 740.488 117.881 510.834 633.46 261.461 199.79 279.714 137.34 424.441 141.794 379.715 636.935 550.067 389.688 417.639 461.144 282.758 236.871 451.705 695.405 379.501 509.318 535.617 548.337 536.944 485.911 612.924 512.304 475.201 643.038 641.02 482.257 558.265 552.683 689.182 588.589 779.236 749.516 749.361 724.219 766.027 590.853 772.11 828.576 692.171 939.972 762.474 831.562 792.843 774.969 889.078 875.317 864.178 918.31 898.416 824.093 915.047 980.429 1059.13 1050.55 1078.32 1098.08 1103.28 1131.24 1130.27 1162.2 1224.77 1247.36 1310.99 1263.89 1235.76 1455.24 1413.55 1487.53 1506.8 1566.27 1603.89 1614.66 1623.58 1696.55 1899.96 1906.62 2131.68 
196.524 255.305 281.014 385.782 447.985 247.757 319.004 278.872 477.057 448.033 455.984 317.893 327.915 285.111 0 544.253 488.943 193.786 235.462 410.766 528.55 385.188 528.811 182.135 671.275 212.571 624.186 386.413 690.464 655.999 682.986 699.311 540.765 463.053 714.255 418.675 627.098 778.063 809.188 812.287 797.568 746.523 882.877 776.234 721.294 909.138 908.816 734.352 818.36 805.878 955.32 844.229 1043.32 1021.56 1017.69 988.789 1025.19 833.625 1039.8 1079.41 943.147 1146.74 1021.57 1099.17 1045.19 1034.33 1146.68 1139.54 1120.97 1182.64 1163.95 1077.85 1168.04 1235.71 1308.98 1309.63 1335.47 1346.01 1346.49 1394.49 1390.33 1418.67 1477.83 1502.55 1564.41 1520.48 1485.34 1708.57 1663.7 1739.69 1758.27 1784.21 1850.13 1862 1864.38 1944.94 2139.23 2148.89 2374.19 
461.943 699.326 715.477 825.569 464.404 344.036 785.414 770.112 942.637 928.248 934.226 800.385 831.315 782.22 544.253 0 203.227 719.735 362.229 487.172 1016.67 888.894 1028.24 705.218 1112.5 742.347 1118.31 214.991 1132.49 1152.08 1171.87 1138.4 1049.81 969.022 1214.21 316.35 1128.51 1271.93 1293.97 1300.64 1296.63 1252.1 1369.49 1275.23 1221.52 1407.08 1396.23 1232.65 1315.22 1310.03 1453.7 1348.63 1531.68 1505.81 1502.41 1481.27 1524.1 1341.61 1527.68 1576.85 1443.63 1617.24 1512.99 1589.15 1547.83 1527.59 1647.34 1625.53 1620.92 1668.79 1645.88 1566.37 1670.48 1735.06 1797.99 1801.12 1826.68 1839.47 1843.35 1877.9 1881.67 1909 1962.37 1990.13 2050.83 2004.8 1971.82 2195.05 2140.99 2222.54 2242.84 2223.91 2330.18 2342.75 2355.41 2415.79 2625.02 2617.9 2843.08 
405.916 658.027 674.5 789.338 425.331 264.921 744.765 729.795 908.302 893.151 898.794 759.854 792.037 740.488 488.943 203.227 0 674.818 282.837 443.551 982.213 850.369 993.196 658.136 1117.45 697.744 1086.45 279.948 1106.72 1120.26 1140.98 1142.33 1014.92 931.532 1182.82 225.115 1093.97 1241.58 1264.44 1270.77 1265.67 1220.37 1340.03 1242.28 1187.95 1377.61 1366.88 1200.15 1282.44 1277.7 1424.23 1317.29 1503.44 1477.22 1473.99 1452.46 1494.95 1309.27 1499.1 1548.52 1412.33 1593.62 1482.53 1560.25 1518.09 1496.61 1618.53 1597.1 1591.82 1640.97 1617.11 1536.39 1641.67 1706.7 1770.84 1773.46 1799.21 1812.32 1815.62 1850.71 1854.17 1881.77 1935.3 1963.11 2023.91 1977.64 1943.03 2168.19 2113.14 2196.07 2216.26 2218.69 2304.12 2315.93 2328.16 2388.67 2598.24 2590.78 2817.13 
321.175 174.003 199.512 248.717 579.589 423.247 187.488 140.9 307.699 272.43 283.308 174.778 177.18 117.881 193.786 719.735 674.818 0 428.193 546.546 342.099 235.722 339.803 53.2018 493.637 53.167 436.773 560.121 553.871 469.777 501.284 522.399 351.34 275.686 527.071 607.749 449.483 589.845 622.668 621.227 604.83 554.968 696.6 589.036 531.711 717.543 722.639 548.27 633.567 615.208 763.955 654.705 851.773 831.736 830.85 799.635 832.651 645.879 851.245 888.152 753.313 975.527 837.239 909.34 858.037 848.256 955 952.763 931.152 993.787 975.407 890.247 977.81 1044.27 1119.58 1119.89 1145.21 1156.63 1158.12 1205.79 1200.51 1229.14 1288.85 1315.04 1376.92 1334.05 1301.83 1521.47 1482.56 1553.73 1571.4 1613.19 1664.39 1678.68 1680.49 1764.3 1956.57 1971.29 2195.17 
250.389 456.437 486.114 598.278 386.581 141.555 539.658 505.848 697.581 672.522 686.015 543.605 542.024 510.834 235.462 362.229 282.837 428.193 0 346.738 760.398 593.426 763.526 410.948 896.604 441.764 858.384 225.205 892.698 881.959 904.531 925.801 769.243 695.394 939.922 197.712 844.035 1004.33 1033.79 1046.07 1031.93 976.594 1106.04 1000.23 952.506 1138.43 1131.35 957.933 1039.49 1035.54 1183.75 1070.73 1275.8 1249.18 1240.71 1214.66 1257.78 1059.29 1264.72 1312.84 1171.8 1365.15 1241.1 1325.96 1268.26 1255.93 1376.61 1361.65 1347.55 1408.12 1389.92 1303.19 1395.59 1466.12 1540.29 1536.98 1564.8 1576.28 1575.99 1620.23 1616.69 1646.41 1706.93 1725.85 1789.55 1741.71 1703.03 1931.54 1877.78 1961.61 1981.92 1993.87 2074.72 2080.1 2083.64 2158.94 2357.24 2358.41 2585.55 
401.99 571.42 572.71 680.604 133.714 383.053 622.651 590.854 787.991 761.496 739.955 616.248 654.982 633.46 410.766 487.172 443.551 546.546 346.738 0 834.991 703.597 831.091 554.17 951.019 561.495 910.956 402.95 786.802 944.508 968.921 966.234 848.878 776.718 1002.21 398.414 930.157 1062.89 1092.8 1097.64 1078.34 1035 1164.8 1081.55 1020.12 1193.16 1187.62 1014.64 1114.48 1105.91 1237.75 1126.82 1326.32 1311.68 1291.95 1267.57 1299.58 1122.28 1316.9 1350.78 1232.86 1287.11 1304.78 1383.4 1326.43 1326.37 1420.99 1412.16 1400.1 1453.82 1446.48 1351.07 1441.69 1507.53 1578.8 1592.2 1614.02 1613.72 1619.02 1670.85 1664.16 1694.68 1745.86 1765.84 1840.64 1781.91 1760.39 1976.38 1924.3 2002.59 2024.2 1934.13 2113.57 2119.85 2124.68 2204.47 2398.61 2404.02 2620.58 
598.213 349.901 339.341 231.856 846.963 728.284 269.286 293.633 149.682 142.808 139.995 269.004 302.512 261.461 528.55 1016.67 982.213 342.099 760.398 834.991 0 314.233 79.2185 362.598 239.534 348.641 154.351 874.61 449.244 229.63 271.107 264.058 167.431 151.56 282.58 940.196 286.805 319.694 341.529 296.181 294.13 286.081 419.955 331.302 260.239 427.534 450.708 315.38 386.393 339.251 475.786 394.82 532.226 523.543 547.74 516.127 528.07 403.929 561.633 585.949 473.343 738.268 574.714 606.416 598.143 576.364 661.795 670.986 649.943 699.223 672.03 606.795 697.411 747.567 816.247 823.38 841.449 860.242 868.754 901.777 906.083 929.887 985.173 1029.74 1082.49 1051.67 1030.35 1233.45 1213.76 1266.26 1280.89 1369.24 1371.03 1400.21 1410.05 1488.52 1683.62 1706.19 1925.81 
485.878 291.258 383.045 322.69 744.331 593.304 343.112 312.775 269.709 227.422 335.997 335.173 78.6528 199.79 385.188 888.894 850.369 235.722 593.426 703.597 314.233 0 320.955 255.185 432.734 219.219 405.306 722.507 556.233 322.375 338.864 484.644 224.834 292.401 370.604 774.553 264.049 441.329 477.23 547.561 513.578 422.094 542.433 440.154 471.72 582.131 566.894 418.165 476.053 512.939 621.817 513.926 755.224 706.176 678.684 657.386 720.948 523.948 706.591 797.409 650.65 896.201 675.925 774.631 702.865 701.127 827.781 802.324 792.542 858.868 856.44 781.891 845.58 925.188 1032.73 995.688 1034.48 1059.51 1062.17 1078.58 1068.31 1111.38 1192.62 1181.48 1258.52 1194.44 1163.59 1393.11 1335.46 1425.92 1451.41 1513.24 1564.11 1546.64 1551.26 1630.2 1832.52 1831.59 2060.15 
615.387 375.476 346.259 270.41 850.019 740.428 265.893 285.06 209.039 190.598 128.858 252.645 314.017 279.714 528.811 1028.24 993.196 339.803 763.526 831.091 79.2185 320.955 0 362.645 246.434 342.579 129.177 878.44 424.319 243.176 294.724 253.16 173.218 126.245 289.772 941.095 295.321 332.181 364.622 295.662 279.293 279.927 437.876 339.608 240.471 430.183 466.316 320.862 392.785 330.587 477.277 391.671 531.74 536.475 561.37 523.683 517.523 391.194 572.211 569.177 463.137 716.488 581.779 614.359 594.723 581.177 652.708 679.967 645.857 705.595 679.899 605.512 688.291 736.639 803.396 822.059 836.946 847.06 851.548 906.684 904.865 926.314 976.948 1028.71 1079.6 1053.03 1030.79 1230.56 1216.57 1264.74 1276.65 1355.83 1363.42 1398.29 1400.51 1490.69 1674.43 1707.05 1925.27 
321.154 197.27 219.025 274.548 590.604 410.96 208.316 167.581 331.391 298.358 313.147 198.837 202.028 137.34 182.135 705.218 658.136 53.2018 410.948 554.17 362.598 255.185 362.645 0 517.016 66.1303 460.991 543.291 593.37 495.311 525.945 546.632 372.319 290.423 550.184 585.58 466.026 612.416 644.277 640.984 625.892 576.03 715.795 602.225 544.162 736.86 741.496 564.688 646.972 627.156 782.458 671.332 867.861 847.057 849.036 817.115 850.551 658.561 867.97 905.603 764.629 1006.29 850.387 922.298 872.569 858.45 970.956 967.892 945.474 1009.01 987.322 901.741 992.361 1059.12 1133.67 1132.24 1157.16 1170.27 1170.43 1217.18 1213.32 1240.8 1300.82 1327.49 1386.69 1346.34 1308.67 1531.34 1491.31 1563.78 1581.03 1633.66 1673.28 1687.11 1688.79 1771.07 1963.4 1976.81 2202.05 
737.885 498.951 492.519 389.818 962.348 867.373 432.813 445.316 304.733 305.26 305.568 426.531 435.544 424.441 671.275 1112.5 1117.45 493.637 896.604 951.019 239.534 432.734 246.434 517.016 0 494.377 226.231 965.928 470.835 268.362 296.499 96.5766 273.755 305.47 292.589 1073.39 344.169 306.727 323.064 276.712 279.33 284.716 387.899 339.397 289.098 380.472 413.482 327.732 384.612 331.839 424.377 370.117 472.692 470.415 495.135 462.362 469.225 387.123 506.228 520.319 437.463 672.609 534.308 550.675 544.091 536.82 594.28 611.436 587.138 633.06 614.495 557.626 629.52 675.926 741.998 750.42 768.003 783.827 794.81 830.317 830.469 854.147 909.483 952.334 1006.11 976.08 965.154 1154.37 1144.9 1187.42 1201.28 1260.46 1291.09 1323.79 1331.06 1416.5 1603.57 1634.29 1847.68 
358.453 217.235 244.778 283.613 603.554 450.998 226.243 165.662 322.33 284.184 302.907 203.542 171.239 141.794 212.571 742.347 697.744 53.167 441.764 561.495 348.641 219.219 342.579 66.1303 494.377 0 433.653 573.883 553.185 462.903 493.666 525.966 338.488 266.028 515.412 615.106 433.505 579.965 615.056 616.447 598.579 542.223 685.977 575.117 518.083 703.861 710.229 530.474 619.027 597.642 749.824 636.335 842.116 821.483 818.87 784.45 820.879 622.701 838.151 874.748 735.129 964.519 821.206 896.3 836.749 831.458 939.11 938.063 912.494 979.739 963.252 873.908 957.924 1028.26 1105.24 1102.82 1129.19 1139.5 1139.28 1191.56 1183.33 1212.22 1274.42 1296.22 1358.94 1315.77 1280.22 1502.05 1463.38 1534.95 1552.55 1596.37 1646.22 1658.51 1656.64 1745.54 1933.22 1950.45 2174 
710.257 466.834 431.26 349.305 926.318 836.956 364.42 364.399 273.759 266.416 216.095 344.795 402.747 379.715 624.186 1118.31 1086.45 436.773 858.384 910.956 154.351 405.306 129.177 460.991 226.231 433.653 0 969.849 402.77 252.523 296.889 231.83 220.291 192.405 278.642 1032.1 335.735 302.154 330.205 207.837 222.605 249.288 400.789 331.109 187.522 365.763 425.966 299.723 387.484 272.002 418.687 348.102 444.562 470.148 511.828 460.417 445.667 340.594 515.544 476.179 394.92 642.676 549.046 554.643 538.384 541.677 581.844 626.832 578.909 639.079 614.742 540.57 614.953 660.66 709.17 742.017 752.233 754.096 759.693 835.193 831.075 844.574 892.358 955.145 999.2 985.93 969.095 1155.35 1162.54 1190.26 1198.36 1288.63 1277.41 1329.75 1326.16 1430.09 1599.28 1649.51 1860.19 
374.27 579.464 598.511 710.694 429.774 268.443 654.05 625.602 813.327 791.22 798.379 658.986 672.424 636.935 386.413 214.991 279.948 560.121 225.205 402.95 874.61 722.507 878.44 543.291 965.928 573.883 969.849 0 991.082 999.174 1021.2 993.363 889.139 810.961 1056.51 233.24 963.85 1118.59 1146.4 1154.48 1142.84 1091.55 1217.91 1114.63 1062.22 1249.94 1242.78 1070.7 1153.26 1146.66 1295.04 1183.44 1381.67 1356.91 1350.09 1324.44 1365.86 1170.93 1373.53 1418.54 1279.74 1463.34 1351.32 1433.62 1379.13 1365.14 1484.33 1469.18 1456.04 1514.01 1494.39 1407.56 1503.23 1572.02 1641.72 1641.68 1668.13 1678.43 1678.52 1723.31 1721.05 1749.23 1806.62 1828.34 1890.57 1844.15 1805.43 2032.1 1978.46 2061.25 2081.12 2066.31 2170.99 2178.64 2183.16 2255.88 2454.2 2454.23 2679.94 
760.779 589.608 549.904 515.809 804.327 885.77 509.683 495.907 507.074 488.931 413.343 479.299 548.669 550.067 690.464 1132.49 1106.72 553.871 892.698 786.802 449.244 556.233 424.319 593.37 470.835 553.185 402.77 991.082 0 479.145 510.132 453.586 466.081 447.592 504.576 1048.68 549.155 529.776 557.133 502.715 483.529 495.658 612.332 591.013 498.095 593.137 626.782 508.422 616.219 555.991 631.95 562.315 678.03 706.891 698.671 662.981 646.698 570.613 710.044 674.046 635.752 524.35 743.357 764.369 729.086 758.845 763.769 801.592 768.751 814.844 821.483 730.844 790.64 834.201 887.883 935.606 940.732 921.569 935.275 1014.11 999.92 1021.18 1056.94 1099.71 1170.93 1126.01 1135.09 1304.24 1298.73 1331.25 1345.09 1243.19 1423.32 1459.72 1456.72 1564.82 1727.53 1774.78 1970.06 
728.38 479.432 523.026 392.095 967.257 859.834 458.104 465.535 258.159 250.336 328.686 451.425 352.38 389.688 655.999 1152.08 1120.26 469.777 881.959 944.508 229.63 322.375 243.176 495.311 268.362 462.903 252.523 999.174 479.145 0 61.7412 308.818 139.682 299.448 73.6016 1064.98 148.119 131.067 169.405 280.813 241.415 137.668 244.091 191.368 275.604 283.692 273.084 184.178 232.228 278.143 324.787 250.28 465.705 407.828 382.097 364.944 430.053 299.254 410.666 520.719 397.542 654.55 413.602 487.387 439.227 439.239 540.503 515.507 513.728 565.702 568.623 509.999 570.109 640.468 753.181 712.382 751.745 783.224 796.44 791.007 782.395 829.416 907.509 901.156 981.188 914.665 905.56 1116.26 1073.22 1149.28 1173.8 1262.22 1288.1 1278.92 1291.19 1365.34 1572.31 1576.91 1798.51 
749.091 501.548 557.685 417.875 990.185 881.025 498.608 502.907 278.926 275.18 374.498 494.238 372.207 417.639 682.986 1171.87 1140.98 501.284 904.531 968.921 271.107 338.864 294.724 525.945 296.499 493.666 296.889 1021.2 510.132 61.7412 0 345.793 175.329 343.822 79.2592 1087.48 157.656 121.239 147.311 305.762 275.166 161.586 219.902 194.425 313.072 279.382 249.574 189.792 231.005 298.67 319.221 253.558 470.843 396.096 359.554 349.447 438.122 311.31 393.099 533.981 409.881 665.425 396.368 477.757 427.259 428.693 539.664 496.218 506.109 550.894 559.379 509.662 566.887 641.246 760.327 703.394 749.066 787.158 803.403 778.544 771.985 822.753 908.488 888.014 972.091 899.456 892.647 1105.13 1055.46 1136.33 1164.56 1265.73 1284.16 1265.08 1282.29 1349.34 1563.3 1559.73 1782 
767.297 534.602 506.037 417.277 977.208 895.978 439.463 464.632 351.008 351.694 305.807 430.748 485.526 461.144 699.311 1138.4 1142.33 522.399 925.801 966.234 264.058 484.644 253.16 546.632 96.5766 525.966 231.83 993.363 453.586 308.818 345.793 0 317.711 321.122 329.99 1100.07 391.212 337.683 356.365 269.257 264.604 303.665 414.002 366.748 283.253 393.613 437.717 352.593 407.525 341.771 434.031 387.053 460.063 476.302 508.631 475.636 451.149 399.37 515.288 496.836 431.968 637.532 547.234 553.316 556.16 544.817 581.733 616.687 586.712 630.272 606.923 545.756 623.856 657.654 715.064 742.738 753.455 761.516 773.093 820.97 820.647 840.163 881.76 941.721 991.707 966.822 960.701 1139.92 1136.61 1172.34 1183.02 1230.56 1266.34 1308.82 1315.55 1401.97 1584.84 1621.04 1831.54 
635.13 392.844 428.653 323.157 879.379 757.391 361.684 354.451 207.717 180.99 257.865 347.498 251.994 282.758 540.765 1049.81 1014.92 351.34 769.243 848.878 167.431 224.834 173.218 372.319 273.755 338.488 220.291 889.139 466.081 139.682 175.329 317.711 0 184.861 181.704 947.399 146.936 244.929 283.987 326.961 296.8 211.759 352.334 250.017 259.942 372.862 378.076 220.423 299.834 299.785 417.8 313.593 533.937 495.537 486.574 455.125 504.973 325.011 507.065 579.007 438.013 717.371 497.14 570.431 515.289 511.746 619.486 610.243 591.183 654.675 646.202 570.889 642.808 714.701 813.56 787.276 820.851 844.185 850.673 872.276 864.013 901.225 975.263 981.273 1051.47 999.089 974.181 1191.92 1153.44 1225.19 1246.45 1336.33 1352.44 1352.67 1357.93 1441.07 1637.79 1650.48 1873.7 
573.188 349.654 321.438 273.23 805.205 685.992 249.567 237.504 232.458 207.378 169.149 219.47 280.844 236.871 463.053 969.022 931.532 275.686 695.394 776.718 151.56 292.401 126.245 290.423 305.47 266.028 192.405 810.961 447.592 299.448 343.822 321.122 184.861 0 339.6 862.839 316.835 387.111 421.14 363.576 356.539 333.011 489.59 380.451 260.982 480.28 513.092 333.993 433.433 358.265 528.862 425.175 588.619 588.992 611.615 565.983 576.862 403.806 620.504 620.117 491.546 762.874 623.638 666.334 628.286 619.626 701.921 724.411 685.409 750.828 724.849 635.008 725.99 784.952 847.003 862.199 879.92 886.393 888.121 953.08 946.745 967.128 1019.23 1064.05 1116.29 1089.16 1057.83 1265.2 1249.36 1299.52 1311.17 1388.79 1395.99 1429.76 1426.65 1521.93 1700.57 1734.51 1952.18 
794.919 547.294 587.751 459.994 1029.44 923.412 520.312 523.511 324.511 317.116 388.007 509.739 408.966 451.705 714.255 1214.21 1182.82 527.071 939.922 1002.21 282.58 370.604 289.772 550.184 292.589 515.412 278.642 1056.51 504.576 73.6016 79.2592 329.99 181.704 339.6 0 1119.84 156.526 76.9703 129.255 264.78 219.601 88.6722 187.66 142.856 262.322 222.477 213.431 143.506 180.989 235.69 261.451 186.377 419.047 354.044 322.221 300.817 375.873 242.435 349.119 471.08 343.822 620.95 349.425 428.175 367.506 375.529 477.302 452.22 446.192 503.927 512.04 452.599 503.447 578.713 699.991 648.874 691.798 725.295 738.238 729.907 717.792 766.897 850.484 835.493 917.558 849.499 838.799 1050.72 1007.96 1084.12 1109.42 1214.98 1226.83 1212.82 1222.97 1301.04 1504.84 1511.18 1732.61 
430.637 646.678 662.286 782.455 445.875 294.262 716.458 679.795 883.301 858.876 864.992 715.999 727.565 695.405 418.675 316.35 225.115 607.749 197.712 398.414 940.196 774.553 941.095 585.58 1073.39 615.106 1032.1 233.24 1048.68 1064.98 1087.48 1100.07 947.399 862.839 1119.84 0 1021.26 1183.96 1213.85 1219.98 1207.61 1152.99 1283.3 1174.14 1116.62 1312.49 1306.79 1126.11 1212.42 1201.33 1357.56 1240.29 1445.55 1421.88 1414.96 1385.82 1428.38 1221.41 1436.9 1478.31 1333.59 1522.48 1410.61 1496.01 1434.44 1422.51 1543.99 1530.92 1513.29 1575.92 1555.89 1463.05 1558.97 1630.88 1699.82 1699.79 1726.28 1734.31 1731.91 1784.22 1779.62 1806.7 1864.59 1884.48 1946.06 1900.98 1856.21 2086.43 2032.2 2115.96 2135.19 2138.01 2223.63 2230.5 2230.59 2308.2 2500.63 2503.04 2728.71 
718.533 487.227 548.702 435.572 967.927 836.222 480.313 479.862 307.103 287.605 384.753 471.733 318.145 379.501 627.098 1128.51 1093.97 449.483 844.035 930.157 286.805 264.049 295.321 466.026 344.169 433.505 335.735 963.85 549.155 148.119 157.656 391.212 146.936 316.835 156.526 1021.26 0 218.187 257.049 375.959 322.823 208.277 302.398 192.016 320.531 348.9 322.876 208.548 216.081 311.782 376.441 274.221 539.219 472.352 431.534 417.515 491.606 310.098 459.232 586.867 431.29 727.724 417.855 525.166 456.879 446.853 584.95 549.163 547.112 612.492 615.025 548.455 602.961 684.901 813.835 756.062 798.922 835.328 841.209 831.552 818.761 871.319 959.039 932.924 1018.87 941.811 913.709 1144.55 1082.19 1179.2 1206.47 1295.74 1328.71 1298.62 1307.09 1380.32 1589.33 1583.08 1811.93 
851.763 600.775 637.101 501.288 1085.79 982.978 570.392 579.015 364.068 365.392 429.529 561.84 476.352 509.318 778.063 1271.93 1241.58 589.845 1004.33 1062.89 319.694 441.329 332.181 612.416 306.727 579.965 302.154 1118.59 529.776 131.067 121.239 337.683 244.929 387.111 76.9703 1183.96 218.187 0 60.6959 234.341 199.987 94.6233 119.656 133.365 264.844 161.444 147.439 144.291 163.749 219.726 200.67 155.272 361.06 285.19 253.926 236.272 322.867 228.59 281.585 423.328 304.905 589.978 299.641 366.206 321.616 325.289 421.406 388.285 391.187 437.478 446.422 396.406 450.751 522.958 644.668 588.014 632.519 670.79 688.648 665.496 655.637 706.484 789.926 773.769 857.5 787.183 783.292 990.025 949.96 1022.86 1048.62 1167.47 1166.95 1153.87 1168.65 1241.04 1449.44 1454.02 1673.5 
873.114 621.022 660.347 515.562 1110.69 1006.74 597.217 609.728 376.408 384.729 455.923 592.763 508.542 535.617 809.188 1293.97 1264.44 622.668 1033.79 1092.8 341.529 477.23 364.622 644.277 323.064 615.056 330.205 1146.4 557.133 169.405 147.311 356.365 283.987 421.14 129.255 1213.85 257.049 60.6959 0 239.041 222.73 146.085 91.8532 157.597 292.318 159.925 124.502 174.657 181.934 241.86 195.933 179.401 347.6 257.158 226.911 220.278 322.72 257.56 257.742 424.955 313.026 598.073 290.564 344.976 323.402 316.447 416.524 365.95 384.86 414.845 422.418 386.325 447.425 516.468 636.045 571.757 617.708 663.261 685.625 641.857 638.087 690.452 775.199 755.898 840.31 767.384 767.6 972.263 930.845 1003.98 1031.17 1159.37 1150.85 1136.12 1157.66 1220.1 1436.67 1435.04 1653.94 
889.248 637.599 616.864 506.651 1111.49 1019.76 547.114 562.919 401.256 409.099 393.03 535.672 561.4 548.337 812.287 1300.64 1270.77 621.227 1046.07 1097.64 296.181 547.561 295.662 640.984 276.712 616.447 207.837 1154.48 502.715 280.813 305.762 269.257 326.961 363.576 264.78 1219.98 375.959 234.341 239.041 0 106.128 201.957 278.267 260.815 166.406 214.004 297.588 262.639 305.029 172.938 259.787 245.046 244.225 281.22 351.313 298.968 261.794 256.553 342.87 300.585 241.854 550.819 402.911 365.412 391.763 383.225 399.35 451.427 405.377 450.596 419.483 364.701 441.495 474.516 527.441 551.603 560.126 574.401 588.385 637.02 638.473 652.713 701.514 766.295 808.972 796.856 787.36 964.169 978.069 999.294 1007.47 1145.09 1090.87 1141.7 1146.07 1240.24 1416.96 1463.6 1672.36 
882.398 633.724 619.517 514.091 1100.26 1011.49 540.554 560.308 405.784 405.245 387.582 527.389 536.792 536.944 797.568 1296.63 1265.67 604.83 1031.93 1078.34 294.13 513.578 279.293 625.892 279.33 598.579 222.605 1142.84 483.529 241.415 275.166 264.604 296.8 356.539 219.601 1207.61 322.823 199.987 222.73 106.128 0 145.234 254.413 211.449 163.971 198.837 273.471 229.557 245.951 159.9 233.678 200.439 277.353 296.583 334.619 291.978 245.312 225.199 331.918 314.328 236.591 528.368 363.797 358.421 363.554 353.595 383.965 435.378 390.854 449.682 428.745 364.704 428.736 467.158 551.32 563.059 575.793 591.701 601.884 644.702 638.964 664.283 717.811 766.52 821.532 791.912 780.382 967.545 963.98 1003.53 1015 1126.87 1108.34 1139.61 1142.59 1236.33 1417.21 1455.26 1669 
836.662 588.469 606.606 490.092 1064.21 963.119 532.248 538.227 363.142 356.089 391.308 517.226 457.936 485.911 746.523 1252.1 1220.37 554.968 976.594 1035 286.081 422.094 279.927 576.03 284.716 542.223 249.288 1091.55 495.658 137.668 161.586 303.665 211.759 333.011 88.6722 1152.99 208.277 94.6233 146.085 201.957 145.234 0 185.354 123.454 194.709 174.075 206.673 126.502 167.11 161.76 215.84 135.149 351.592 309.95 301.594 263.956 304.352 179.004 315.492 394.226 267.996 573.706 323.118 379.517 326.511 333.702 415.164 420.097 392.876 459.615 459.269 389.791 444.624 513.011 626.748 592.442 627.545 654.376 665.024 678.307 665.149 706.539 782.29 785.799 859.115 804.786 790.294 996.931 967.967 1031.61 1052.07 1168.62 1162.04 1162.2 1167.06 1254.81 1447.59 1467.17 1686.48 
952.65 703.442 742.727 600.406 1187.41 1083.44 676.042 688.859 461.997 468.751 535.832 669.715 581.185 612.924 882.877 1369.49 1340.03 696.6 1106.04 1164.8 419.955 542.433 437.876 715.795 387.899 685.977 400.789 1217.91 612.332 244.091 219.902 414.002 352.334 489.59 187.66 1283.3 302.398 119.656 91.8532 278.267 254.413 185.354 0 163.876 328.305 125.345 41.0144 197.352 162.877 250.774 138.288 157.521 318.531 201.305 141.516 149.569 279.724 243.986 176.427 395.516 282.837 580.059 204.845 274.17 247.27 237.022 349.643 278.962 310.229 336.689 353.688 325.965 378.327 451.276 589.995 501.283 555.219 609.752 634.326 566.18 560.621 620.577 713.755 675.488 766.87 684.011 684.185 892.684 842.662 923.564 954.215 1107.45 1081.93 1052.41 1077 1134.68 1356.03 1347.55 1568.17 
865.116 620.93 653.317 530.086 1113.75 986.473 577.593 589.879 395.054 392.042 451.955 568.723 483.889 512.304 776.234 1275.23 1242.28 589.036 1000.23 1081.55 331.302 440.154 339.608 602.225 339.397 575.117 331.109 1114.63 591.013 191.368 194.425 366.748 250.017 380.451 142.856 1174.14 192.016 133.365 157.597 260.815 211.449 123.454 163.876 0 237.351 190.608 181.566 136.439 70.0084 176.889 210.983 128.998 365.166 292.221 273.2 253.003 319.174 183.483 288.535 424.406 264.411 638.977 257.534 341.615 301.056 269.306 408.854 381.16 373.961 434.884 427.091 369.208 433.555 506.9 637.793 574.181 615.719 660.247 670.371 646.717 639.219 688.197 774.223 758.134 835.9 770.122 742.213 966.31 917.199 1001 1025.72 1174.72 1145.44 1124.79 1137.42 1207.73 1416.6 1416.87 1643.83 
825.236 586.136 562.461 476.282 1049.16 942.299 485.051 490.797 379.053 374.64 351.746 462.837 490.205 475.201 721.294 1221.52 1187.95 531.711 952.506 1020.12 260.239 471.72 240.471 544.162 289.098 518.083 187.522 1062.22 498.095 275.604 313.072 283.253 259.942 260.982 262.322 1116.62 320.531 264.844 292.318 166.406 163.971 194.709 328.305 237.351 0 271.748 342.462 211.099 285.731 124.147 313.818 233.242 342.755 364.357 413.837 353.03 332.286 196.638 405.237 369.634 237.023 603.648 424.742 429.761 410.745 400.323 453.269 503.902 444.813 514.853 481.835 388.585 478.513 530.02 591.647 610 622.22 630.057 632.909 703.498 694.439 710.918 760.994 814.883 861.786 844.036 812.931 1010.73 1012 1047.78 1055.47 1182.41 1139.67 1181.03 1174.99 1277.7 1448.02 1493.62 1707.27 
993.262 740.792 757.589 630.661 1218.49 1121.89 687.067 693.366 498.45 502.155 538.287 673.299 618.335 643.038 909.138 1407.08 1377.61 717.543 1138.43 1193.16 427.534 582.131 430.183 736.86 380.472 703.861 365.763 1249.94 593.137 283.692 279.382 393.613 372.862 480.28 222.477 1312.49 348.9 161.444 159.925 214.004 198.837 174.075 125.345 190.608 271.748 0 121.624 209.306 200.798 178.507 63.2321 116.65 223.627 157.876 164.896 103.432 184.546 176.358 161.912 280.756 182.964 523.018 222.099 231.897 197.262 220.727 269.151 271.444 241.788 299.496 308.702 258.612 296.653 368.251 489.091 432.505 474.05 511.498 530.465 520.199 504.847 550.039 633.954 626.995 703.433 647.908 643.347 839.681 823.339 875.3 895.948 1057.81 1009.61 1010.92 1018.3 1106.16 1298.43 1322.19 1536.26 
981.504 733.507 773.224 632.149 1212.28 1111.21 706.125 716.901 493.479 499.791 565.375 697.96 607.355 641.02 908.816 1396.23 1366.88 722.639 1131.35 1187.62 450.708 566.894 466.316 741.496 413.482 710.229 425.966 1242.78 626.782 273.084 249.574 437.717 378.076 513.092 213.431 1306.79 322.876 147.439 124.502 297.588 273.471 206.673 41.0144 181.566 342.462 121.624 0 206.412 169.36 257.964 121.649 152.717 315.918 193.968 115.155 125.063 272.842 238.748 151.346 387.397 273.513 568.64 181.099 256.871 219.247 216.011 328.766 249.301 284.28 311.563 335.661 304.181 351.461 430.618 574.135 478.643 535.233 590.225 615.173 544.267 533.542 597.958 693.17 645.701 743.452 652.849 653.964 864.306 812.295 896.125 927.34 1076.2 1057.61 1023.76 1046.64 1106.23 1326.9 1318.06 1537.78 
828.097 589.225 618.146 499.068 1048.45 949.7 548.328 548.489 374.111 368.544 420.512 530.674 456.18 482.257 734.352 1232.65 1200.15 548.27 957.933 1014.64 315.38 418.165 320.862 564.688 327.732 530.474 299.723 1070.7 508.422 184.178 189.792 352.593 220.423 333.993 143.506 1126.11 208.548 144.291 174.657 262.639 229.557 126.502 197.352 136.439 211.099 209.306 206.412 0 165.993 180.724 245.414 133.414 389.699 327.895 303.111 266.47 347.821 160.679 318.062 436.054 273.234 584.775 313.678 392.187 327.284 326.177 438.414 412.265 400.06 457.648 458.555 371.478 453.459 535.282 651.679 600.546 642.444 673.159 687.142 682.024 667.718 714.43 793.945 776.343 861.388 791.18 771.134 990.727 946.465 1022.98 1047.72 1154.12 1162.27 1147.56 1156.83 1234.51 1437.6 1443.42 1663.46 
906.578 666.459 704.201 580.123 1149.41 1027.32 627.081 641.729 445.081 442.126 502.174 618.428 524.061 558.265 818.36 1315.22 1282.44 633.567 1039.49 1114.48 386.393 476.053 392.785 646.972 384.612 619.027 387.484 1153.26 616.219 232.228 231.005 407.525 299.834 433.433 180.989 1212.42 216.081 163.749 181.934 305.029 245.951 167.11 162.877 70.0084 285.731 200.798 169.36 165.993 0 216.332 201.268 131.632 379.341 296.102 251.42 246.043 319.452 201.059 270.18 433.468 274.335 629.346 216.011 323.782 278.592 239.337 392.631 349.654 355.246 414.488 414.769 358.023 414.003 491.409 637.365 561.916 606.278 654.914 665.587 626.938 614.804 673.54 762.393 730.086 819.797 736.346 709.745 939.124 877.159 974.675 1002 1133.63 1129.12 1093.69 1107.78 1173.18 1388.18 1379.44 1607.71 
909.785 665.393 661.383 560.317 1138.2 1028.12 585.333 586.388 441.506 438.11 450.142 565.677 544.52 552.683 805.878 1310.03 1277.7 615.208 1035.54 1105.91 339.251 512.939 330.587 627.156 331.839 597.642 272.002 1146.66 555.991 278.143 298.67 341.771 299.785 358.265 235.69 1201.33 311.782 219.726 241.86 172.938 159.9 161.76 250.774 176.889 124.147 178.507 257.964 180.724 216.332 0 213.443 140.33 273.546 275.426 320.454 252.698 253.53 104.732 306.703 306.824 145.421 578.307 323.002 326.679 297.039 294.778 357.992 402.68 338.057 418.967 394.589 306.892 376.007 440.769 527.005 514.974 535.322 555.516 558.501 609.693 597.391 621.379 689.411 719.926 773.134 747.775 712.565 918.49 915.137 957.175 968.334 1123.88 1063.9 1089.38 1083.11 1187.34 1359.96 1401.44 1617.43 
1040.07 788.738 808.06 680.609 1265.21 1168.14 735.007 744.333 546.672 550.385 586.885 721.985 661.524 689.182 955.32 1453.7 1424.23 763.955 1183.75 1237.75 475.786 621.817 477.277 782.458 424.377 749.824 418.687 1295.04 631.95 324.787 319.221 434.031 417.8 528.862 261.451 1357.56 376.441 200.67 195.933 259.787 233.678 215.84 138.288 210.983 313.818 63.2321 121.649 245.414 201.268 213.443 0 133.894 225.576 148.352 132.852 85.0099 169.05 198.698 124.361 276.872 185.866 520.547 178.196 189.863 158.252 177.855 229.544 223.879 200.151 260.76 277.612 234.605 256.088 331.207 470.131 399.539 443.413 487.511 506.496 481.003 461.405 515.556 603.226 584.038 668.628 600.95 596.713 796.782 773.572 834.167 856.077 1017.15 976.068 966.984 974.893 1060.33 1256.11 1275.05 1490.47 
