0.000000 -34826.481156 6835.991994 -164.660371 -29809.593095 4756.003185 -29447.532535 4626.519357 -50279.029286 -30508.615017 -565.822258 -1542.656198 95.015064 
-34826.481156 0.000000 -159063.234609 13595.235133 1043880.895468 200500.810068 843267.730868 67453.188756 1590042.730761 1157451.807717 21014.945404 54015.647007 2660.079303 
6835.991994 -159063.234609 0.000000 -80.951315 -137067.513147 -26987.477875 -124291.091706 -7418.718042 -210769.516139 -148677.686404 -1555.852127 -6223.093298 1156.018344 
-164.660371 13595.235133 -80.951315 0.000000 12540.529083 302.113542 8307.895853 50.757418 17573.294132 13945.845832 1754.844982 2034.191821 1575.193938 
-29809.593095 1043880.895468 -137067.513147 12540.529083 0.000000 180054.489739 703150.176251 59694.708422 1384858.088499 1014720.081124 18643.470062 45598.082300 2509.681535 
4756.003185 200500.810068 -26987.477875 302.113542 180054.489739 0.000000 97915.256199 36509.037088 238927.477341 218763.882963 109.089590 5959.708476 -2114.777784 
-29447.532535 843267.730868 -124291.091706 8307.895853 703150.176251 97915.256199 0.000000 35759.501496 1124794.834010 744525.010475 15955.864034 40852.396537 2365.048185 
4626.519357 67453.188756 -7418.718042 50.757418 59694.708422 36509.037088 35759.501496 0.000000 79606.552052 71405.883177 107.409555 1767.681050 -696.679251 
-50279.029286 1590042.730761 -210769.516139 17573.294132 1384858.088499 238927.477341 1124794.834010 79606.552052 0.000000 1511435.754062 28848.776443 70280.256798 3084.533920 
-30508.615017 1157451.807717 -148677.686404 13945.845832 1014720.081124 218763.882963 744525.010475 71405.883177 1511435.754062 0.000000 19479.308925 50790.527661 2583.807097 
-565.822258 21014.945404 -1555.852127 1754.844982 18643.470062 109.089590 15955.864034 107.409555 28848.776443 19479.308925 0.000000 2346.415968 1585.073363 
-1542.656198 54015.647007 -6223.093298 2034.191821 45598.082300 5959.708476 40852.396537 1767.681050 70280.256798 50790.527661 2346.415968 0.000000 1614.421287 
95.015064 2660.079303 1156.018344 1575.193938 2509.681535 -2114.777784 2365.048185 -696.679251 3084.533920 2583.807097 1585.073363 1614.421287 0.000000 
